function [theta] = estimated_parameters()
    %Dynamic parameters given by the manufacturer
    
    m = [2,3.42,1.26,0.8,0.8,2];
    I1 = [0.03408, 0.00002, -0.00425, 0.03529, 0.00008, 0.02156];
    I2 = [0.02814, 0.00005, -0.01561, 0.77068, 0.00002, 0.76943];
    I3 = [0.01014, 0.00008, 0.00916, 0.30928, 0.00000, 0.30646];
    I4 = [0.00296, -0.00001, -0.00000, 0.00222, -0.00024, 0.00258];
    I5 = [0.00296, -0.00001, -0.00000, 0.00222, -0.00024, 0.00258];
    I6 = [0.00040, 0.00000,  -0.00000, 0.00041, 0.00000, 0.00034];
    r = [0, 0, 0.152, 0.244, 0, 0, 0.213, 0, 0, 0, 0, 0.112, 0, 0, 0.085, 0, 0, 0.082];
    rc = [0, 0, 0.072, 0.163, 0, 0.9, 0.1065, 0, 0.062, 0, 0, 0.056, 0, 0, 0.0425, 0, 0, 0.046];

    theta = [rc,r,I1,I2,I3,I4,I5,I6,m];
end